49525.6 5940.56
49525.6 5940.56
49738.9 6345
49608.3 6405.83
49796.7 6155.56
49828.6 5764.72
49757.8 6353.33
49716.4 6490
49533.3 6316.67
49716.4 6490
49616.7 6233.33
49533.3 6316.67
49501.4 6352.78
50053.3 5919.17
49967.8 5890.28
50053.3 5919.17
49623.6 6136.39
49650 6050
49968.9 5931.94
49988.9 5999.17
49988.9 5999.17
50140.6 6023.89
49650 6050
49968.9 5931.94
49938.6 6156.11
49850 6116.67
49541.4 6021.67
49750 6200
49719.7 6200
49511.1 5873.89
50053.3 5919.17
50155.6 6053.33
50155.6 6053.33
49816.9 6088.06
49888.1 6067.78
49523.9 6342.22
49538.1 6284.17
50137.2 6075
49566.7 6116.67
49623.6 6136.39
49600 6150
49866.7 6216.67
49866.7 6216.67
49963.6 6124.17
49540.8 6200.83
49833.3 6382.78
50104.4 5946.11
49963.6 6124.17
49972.8 5941.94
50038.3 5989.44
49691.4 6388.33
49816.7 6250
49816.7 6250
49623.6 6136.39
49944.2 5785.83
49710 6500.28
49854.4 6095
49800 5866.67
49944.2 5785.83
49658.3 6137.22
49926.7 6173.61
49555 6287.5
49788.9 6286.67
49816.7 6300
49985.3 6126.67
49985.3 6126.67
49836.7 5906.39
49803.1 6000
49935 6208.89
49511.1 5873.89
49769.7 5982.22
50075.6 6046.67
50001.7 6145.56
50121.1 6000.28
49628.6 6278.06
49717.8 6010.28
49717.8 6010.28
50064.4 5883.06
50121.1 6000.28
50046.1 5878.06
50064.4 5883.06
49570.8 6280.56
49960.3 5860.83
49916.7 5783.33
49916.7 5783.33
49894.4 6163.61
49700 6433.33
49475.8 6042.22
49950.6 5796.11
49897.5 6183.33
49911.4 5995.56
49561.9 6221.67
49903.1 5780
49903.1 5780
49620.6 6073.33
49967.2 6167.78
49967.2 6167.78
50078.9 5958.06
49676.9 6123.89
49696.1 5920.28
49811.4 6478.33
49661.4 5919.17
49866.7 6216.67
49536.4 6029.44
49830 6171.94
49816.7 5866.67
49562.8 6364.44
49581.4 5966.94
49965 5826.67
49965 5826.67
49525.6 5940.56
49701.1 5967.22
49628.1 6104.44
49701.1 5967.22
50010.6 6026.67
49701.1 5967.22
49628.1 6104.44
49641.9 6239.44
50018.1 5948.89
49853.1 6187.22
49716.7 6133.33
49830.6 5854.44
49830.6 5854.44
49722.8 5927.5
49511.7 6356.94
49511.7 6356.94
49746.1 5971.94
49716.7 6216.67
49620.6 6268.61
49797.8 6159.17
49605.8 6258.89
49582.5 5956.39
49744.2 6170.83
49718.9 6092.22
49683.3 5950
50181.7 6025.28
49933.1 6063.61
49990.6 5857.5
49578.3 6058.89
49578.3 6058.89
49990.6 5857.5
49716.7 6133.33
50010.3 5852.22
49506.4 6012.78
49830.6 6098.61
49590 6316.11
49590 6316.11
49471.7 6365.83
49775 6360.56
49893.6 6044.72
49792.2 5975.83
49804.2 6253.89
49548.1 5928.89
50099.4 5997.5
49548.1 5928.89
49613.3 6218.89
49695.3 5870.56
49727.2 5986.39
49695.3 5870.56
50080 5975.56
49460.8 6033.06
49460.8 6033.06
49955.8 5924.72
49786.7 6096.11
49797.8 6504.17
49786.7 6096.11
49662.5 6302.78
49691.9 6002.22
49794.4 5821.67
49794.4 5821.67
49662.5 6302.78
49866.9 5773.33
49866.9 5773.33
49834.7 5742.78
49622.8 6107.78
49741.7 6114.44
49548.9 6317.22
49546.4 5856.39
49548.9 6317.22
49542.2 6150
49567.8 6285
49567.8 6285
49574.7 6034.72
49567.8 6285
50036.7 6131.11
50055.8 6083.61
49531.1 5847.22
49682.5 6289.17
49691.9 6002.22
49779.7 5935.28
49546.4 5840.83
49751.7 5957.5
49734.2 6319.44
49916.9 6011.94
49850.3 5901.39
50080 5975.56
50057.8 6037.5
49746.7 6260.28
49545 6366.94
49488.6 6351.67
49868.6 6267.78
49797.2 5953.89
49773.6 5928.06
49765.6 5890.83
49765.6 5890.83
49765.6 5890.83
49960.3 5860.83
49533.3 6316.67
49562.5 6008.89
49749.7 6083.06
49749.7 6083.06
49562.5 6008.89
49656.9 6233.61
49656.9 6233.61
49830.8 5845
49960.8 6143.06
49616.7 6166.67
49717.5 6120.28
49717.5 6120.28
49801.7 5939.17
49673.3 6400.83
49673.3 6400.83
49536.4 6029.44
49960.3 5860.83
49791.1 5934.72
49770.3 6109.17
49770.3 6109.17
49549.4 6000.28
49994.4 6013.06
50012.8 6091.39
49916.7 6000
49916.7 6000
49616.7 6133.33
49916.7 6000
49770.3 6109.17
49779.7 5809.44
49558.3 5880.56
49558.3 5880.56
49811.7 5765.83
49524.4 6129.72
50107.2 6007.78
49778.9 6441.39
49783.9 5904.44
49657.2 6000.28
49668.3 6330.28
49676.1 6315.56
49616.7 6266.67
49596.4 6260
50016.7 5860.83
49950 6066.67
49833.3 6100
49730.3 5843.89
49833.3 6016.67
49513.6 5896.11
49577.5 5910.83
49777.5 6150.56
49848.1 6035.56
50007.2 6146.67
49646.7 6400.56
49768.6 5820
50156.7 5978.61
49653.6 6241.11
49941.4 5882.78
49675.3 6008.89
49786.9 6174.72
49789.2 5857.78
49509.2 6056.11
49979.7 5910.83
49742.2 5926.11
49947.5 5979.17
49701.7 5916.39
49969.2 5923.06
50011.7 5843.61
49933.3 6066.67
49833.3 6100
49755.3 5912.22
49833.3 6016.67
49536.1 5893.06
49567.5 5910.28
49855.6 6047.22
49631.4 6403.61
49758.3 5826.94
50145.8 5983.89
49883.3 6200
49647.5 6260
49877.5 5887.22
50080.6 5921.67
49900 5950
49700 5900
49616.7 6233.33
49566.7 5933.33
49619.4 6240
49616.4 6156.67
49623.6 6136.39
50028.9 6066.67
49855.6 6047.22
49789.2 5857.78
49948.3 6129.44
49629.2 6267.5
50033.6 6038.61
49693.9 6442.22
49784.7 6310.83
49680.3 6130
49631.7 6119.17
49680.3 6130
49585.3 6255.56
49733.3 6216.67
49700 6116.67
49738.3 6500
49748.9 6106.11
49533.1 5988.33
49505 6281.11
49533.1 5988.33
49746.1 6465
49867.8 6239.44
49768.1 6116.67
49738.3 6500
49866.7 5833.33
49866.7 5833.33
49818.6 6020.28
49818.6 6020.28
49818.6 6020.28
49900 6091.94
49761.7 6188.89
49833.9 6007.5
49833.9 6007.5
49696.1 6481.39
49954.7 6106.94
49871.9 5972.5
49954.7 6106.94
49871.9 5972.5
49748.9 6106.11
49603.3 6095.56
49962.5 5981.67
49962.5 5981.67
49962.5 5981.67
49816.7 5866.67
49962.5 5981.67
49650.8 6303.61
49691.1 6059.17
49572.8 6248.61
49801.9 6218.33
50040.8 6017.5
49923.3 5872.22
50040.8 6017.5
49923.3 5872.22
49600 6250
49883.3 5900
50117.5 5992.78
49930.8 6037.22
49900 6209.17
49866.9 5773.33
49954.7 6106.94
50053.3 6061.94
49710 6061.67
50051.7 6074.72
49702.8 6426.39
49627.5 6023.33
49800 5866.67
49757.8 6353.33
49716.7 6183.33
49789.4 5839.72
49789.4 5839.72
49701.7 5916.39
49810.6 5918.61
49733.3 6133.33
49668.3 6330.28
49700 5983.33
49779.7 5935.28
49516.7 6166.67
49883.3 6233.33
49750 5850
49700 6283.33
49566.7 5933.33
49766.7 6450
49822.2 5855.83
49516.7 5850
49833.3 6183.33
49655.6 6434.44
49655.6 6434.44
49611.7 6130
49611.7 6130
49909.4 5890.83
50060 5941.94
49859.4 5851.11
49859.4 5851.11
49694.7 6142.5
49694.7 6142.5
49898.9 6205.28
49530.3 6120.28
49918.6 6086.67
49715.8 6133.61
49565.8 5886.67
49620.8 6121.67
49558.9 5980.56
50124.4 6110
49910 5877.5
49739.7 5856.67
49568.3 6065.28
49611.7 6130
50070 5978.06
49598.6 6368.06
49983.6 6014.44
49799.4 6086.11
49983.6 6014.44
49716.1 6436.39
50160.8 6108.89
49800 6100
49790 6388.33
50119.2 6083.33
49525 5837.5
49776.9 6221.11
49798.6 5835.28
49789.4 5839.72
49924.4 6130.28
49620.8 6121.67
49546.4 5856.39
49546.4 5856.39
49516.7 5850
49596.7 5875.83
49596.7 5875.83
49870.6 5903.06
49791.9 6132.78
49701.7 5916.39
49701.7 5916.39
49535.6 6146.94
49670 5950
49664.4 6073.06
49974.7 6054.17
49838.1 5840.28
49670 5950
49728.3 6210.28
49561.1 6112.22
50069.4 6070.56
50069.4 6070.56
49750.3 6306.11
49741.9 6018.61
50013.3 5964.72
49741.9 6018.61
50054.7 6031.39
49532.5 6355.28
50019.4 5968.06
49646.4 5916.39
49623.9 6149.44
49903.3 6135
49674.7 6320.56
49694.4 6069.44
49900.8 6037.22
49668.3 6035.83
49489.2 6039.72
49952.8 6020
49921.4 5903.06
49739.4 5970.56
49866.7 6233.33
49634.4 6355.83
49645 5990.83
49644.4 5984.44
49778.3 5895
50102.8 6113.06
49631.4 5917.78
49707.2 6253.06
49883.3 6200
49716.7 6366.67
49716.7 6366.67
49816.7 5950
49584.2 6173.61
49474.4 6079.44
49950.6 5796.11
49950.6 5796.11
49901.7 5884.72
49851.9 6134.72
49697.5 6197.5
49599.7 6387.78
49736.1 5898.61
50096.1 6059.17
49696.7 6131.67
49516.9 6065
50164.7 6015
50181.7 6025.28
50164.7 6015
50133.3 6066.67
49722.5 5907.22
49950 5800
49810 5866.67
49650.8 6235
49810 5866.67
49650.8 6235
50017.8 6093.33
49938.6 6156.11
49938.6 6156.11
49973.1 6091.67
49947.2 6081.67
49810.6 5918.61
49810.6 5918.61
49810.6 5918.61
50083.3 6000
49985 6073.33
49616.4 5990.28
49807.2 5791.67
49807.2 5791.67
49602.5 6124.17
50123.6 6049.44
49713.1 6050.83
49947.2 6081.67
49632.5 6220.83
50099.7 5923.33
49883.9 6258.06
49566.7 5933.33
49632.5 6220.83
49688.6 5914.72
49607.2 5932.22
49776.4 6515.28
49873.1 5931.11
49568.1 6151.39
49750.3 6328.61
49873.1 5931.11
49741.7 6427.78
49734.4 6336.11
49652.8 6141.39
49687.2 6143.61
49506.7 6150.56
49857.2 5880.56
49950.6 5796.11
49857.2 5880.56
49668.6 6142.22
50046.1 5904.17
49668.6 6142.22
50096.1 6088.06
49903.6 5962.22
49888.9 5978.89
49762.5 6241.39
49683.3 5933.33
49950 6066.67
49833.3 6016.67
49825 5751.11
49848.1 6035.56
49768.6 5820
49577.5 5910.83
50156.7 5978.61
49520.8 6186.67
49548.6 6209.17
49931.4 5790
49606.9 6168.61
50046.1 5904.17
49812.5 6282.5
49857.2 5880.56
49649.4 5931.67
49687.8 6365.56
49566.7 5933.33
49873.1 5931.11
50108.1 5923.33
49900 5900
49835 6331.39
49616.7 6133.33
49984.4 5872.5
49984.4 5872.5
49827.8 5967.22
49880.3 6221.94
49762.5 6033.89
50083.3 6060
49673.3 6400.83
49674.7 6441.94
49762.5 6033.89
49762.5 6033.89
49633.3 6200
49633.3 6200
49853.1 5915.83
49853.1 5915.83
49831.9 6093.06
49583.9 6359.17
49709.7 5988.33
49734.7 6287.22
49630.8 5891.39
49630.8 5891.39
49936.9 6101.67
49660.3 5981.67
49619.2 6354.44
49726.4 6116.94
49921.7 5968.33
49921.7 5968.33
49688.9 6248.33
49660.3 5981.67
49660.3 5981.67
49921.7 5968.33
49822.2 5855.83
50149.2 6013.33
50149.2 6013.33
49669.7 5965.28
49922.5 6054.17
49728.9 6231.94
50149.2 6013.33
49742.2 6480
49742.2 6480
49767.2 6498.89
49777.8 6499.44
49767.2 6498.89
49866.9 6182.5
49759.2 6387.78
49750 6000
49585.6 6123.06
49616.7 5952.5
49600 6166.67
49695.3 5870.56
50107.2 6007.78
49666.7 6416.67
49666.7 6416.67
49515 6191.67
49816.7 5866.67
49915.6 6196.11
50181.7 6025.28
49938.6 6156.11
49903.6 5962.22
49814.2 5874.72
49843.1 6204.17
49529.4 6010.83
49899.2 5812.78
49836.1 5789.17
49661.7 6343.61
49836.1 5789.17
49836.1 5789.17
49836.1 5789.17
50075.3 6068.89
50075.3 6068.89
49739.7 6187.22
49695.3 5870.56
49759.2 6041.11
49603.6 5900.83
49623.9 6202.78
49532.5 6248.33
49855.6 6047.22
49511.1 5873.89
49650 6050
49750 6200
49511.1 5873.89
49816.7 6116.67
49799.4 6086.11
49531.1 5847.22
49533.3 6316.67
49866.7 5833.33
49866.9 5773.33
49859.4 5851.11
49634.4 6355.83
49883.3 6166.67
49633.3 6200
49933.3 5800
49666.7 6416.67
49843.1 6204.17
49933.3 5800
50150 6050
49511.1 5873.89
49507.5 6287.5
49616.7 6216.67
49531.1 5847.22
49562.8 6153.89
50012.8 6091.39
49519.7 6078.33
49776.9 6221.11
49933.3 6216.67
49774.2 5955.56
49847.5 6104.17
49847.5 6104.17
49778.9 6116.67
50062.8 6003.61
49711.4 6310.56
49997.8 5948.89
49711.4 6310.56
49911.4 5936.39
49495.8 5980.56
49950.6 5796.11
49823.1 5888.33
49886.1 5936.67
49911.4 5936.39
49495.8 5980.56
49911.4 5936.39
49574.4 6275.56
49864.7 6114.72
49544.4 6327.5
49978.1 5948.61
49864.7 6114.72
49544.4 6327.5
49978.1 5948.61
49765.8 6221.94
49675.6 6247.22
49510.3 5943.61
49829.4 6222.78
49844.4 6249.72
49999.4 5992.78
49599.7 6387.78
50093.6 5956.67
50093.6 5956.67
49486.9 6291.67
49724.7 5917.78
49505.3 6316.39
49724.7 5917.78
49505.3 6316.39
49778.3 5895
49778.3 5895
49520 6298.33
49763.9 5857.22
49686.7 6185.28
49685.6 5878.61
49628.9 6131.94
49717.5 5950
49599.7 6387.78
50093.6 5956.67
50093.6 5956.67
49524.2 5966.11
49548.9 6016.94
49805.6 6422.22
49480.6 6087.5
49480.6 6087.5
50133.6 6019.17
50133.6 6019.17
50133.6 6019.17
49617.2 6393.89
50017.8 6006.11
50039.2 6079.72
50039.2 6079.72
50036.1 6071.39
50062.2 5955.83
50062.2 5955.83
49970 5837.22
49629.7 6139.17
50062.2 5955.83
49921.1 6038.33
49588.3 5983.33
49853.6 6319.17
49853.6 6319.17
49726.1 5841.11
49524.2 5891.39
49524.2 5891.39
49921.1 6038.33
49867.8 6155.83
49726.1 5841.11
49777.5 6472.22
49973.1 6091.67
50015 5889.72
49921.1 6038.33
49859.2 5961.39
50065.6 5963.89
50093.6 5956.67
49507.5 6287.5
49540.8 6259.72
49602.2 5948.33
49935.3 5975.83
49791.9 6132.78
50057.8 5898.06
49535.6 6146.94
49581.9 6226.67
49974.7 6054.17
49773.1 6338.33
49768.6 5820
49758.3 5826.94
49810.3 6097.22
49761.9 6303.33
49761.9 6303.33
50054.7 6031.39
50054.7 6031.39
49596.7 5875.83
49611.4 6136.11
49866.7 6183.33
49866.7 6183.33
49866.7 6183.33
50107.2 6007.78
49781.1 6273.61
49761.7 6188.89
49933.3 6216.67
49617.2 6393.89
49826.9 6091.39
49933.3 6216.67
49589.4 6106.94
49645 5990.83
49644.4 5984.44
49606.9 6325.83
49725.6 5964.44
49758.1 6478.61
49827.2 5935.83
49750.8 6008.33
49910 6067.22
49485.3 6323.06
49900.8 5858.61
49883.1 6098.89
49491.1 6092.5
49933.9 5941.94
49492.8 6069.44
49658.3 6364.72
49981.7 5906.11
49859.4 5851.11
49723.6 6342.5
49723.6 6342.5
49723.6 6342.5
49736.1 6023.06
49853.1 6187.22
49658.3 6082.22
49770.8 6304.17
49706.7 6340.56
49770.8 6304.17
50124.2 6063.61
49855.6 5903.61
49912.5 6140
49656.7 6049.72
50021.4 5911.39
50083.9 5992.5
49775.3 6015.56
49775.3 6015.56
49733.3 6133.33
49553.9 6329.17
49758.1 6478.61
49910 6067.22
49697.8 6219.72
49900.8 5858.61
49701.4 6018.89
49887.8 5816.39
49717.8 6355
49717.8 6355
49754.2 6513.89
49594.4 6150
49903.6 5888.06
49851.7 5793.33
49903.6 5888.06
50058.3 6066.39
49974.2 5843.89
49683.1 6141.67
49775.3 6015.56
49921.9 5849.44
49921.9 5849.44
49775.3 6015.56
50046.4 5934.17
50046.4 5934.17
50046.4 5934.17
49923.3 5997.5
50012.2 6052.78
50012.2 6052.78
50012.2 6052.78
49923.3 5997.5
49738.3 6267.22
49697.2 6170.56
50118.1 5979.17
49702.8 6374.72
49960.3 6192.22
49544.4 6137.78
49960.3 6192.22
49787.5 6069.44
50083.3 6000
49826.9 6091.39
49616.7 6216.67
49616.7 6216.67
49616.7 6216.67
49544.4 6137.78
50118.9 6038.61
49857.5 5825
49759.2 6239.72
49851.7 5793.33
49860.3 6288.06
49626.4 6336.94
49683.3 6350
49876.7 6218.06
49518.6 6102.78
49917.2 6227.78
49795.3 5941.11
49575.8 5983.89
49575.8 5983.89
49611.1 6050
49743.9 6115
49952.2 5856.11
49758.3 6116.94
49677.8 6359.44
49525 6042.22
49813.6 6089.17
49766.7 5866.67
49677.8 6359.44
49843.6 6268.06
49656.9 6127.5
49813.6 6350.28
49540.3 6129.17
49540.3 6129.17
49727.2 6393.89
49512.8 5929.44
49510.3 5943.61
49512.8 5929.44
50165.6 6088.89
49723.3 6302.5
49649.2 6128.33
49835.8 6291.67
49730.6 5887.22
49746.1 6363.61
49528.1 6353.89
49835.8 6291.67
49921.9 5849.44
49887.8 5816.39
49891.9 6165.28
49833.3 6016.67
49758.3 5826.94
49898.3 5820.28
49883.3 5900
49567.5 5910.28
50145.8 5983.89
50046.1 5878.06
49668.3 6330.28
49516.7 5850
50012.8 6091.39
49900 6050
50097.2 5973.06
49900 6050
49552.8 6315.83
49522.8 6224.72
49861.4 5843.89
49702.5 6043.33
49756.4 6160.83
49766.7 5866.67
49565 6163.61
49510.6 6257.22
49744.2 6328.33
49744.2 6328.33
49715.6 6216.67
49700 5983.33
49971.1 6009.72
50036.7 5870.83
49531.1 5847.22
49624.4 6421.67
49533.3 5900
49533.6 6080.83
49474.4 6079.44
49511.1 5873.89
49513.6 5896.11
49531.1 5847.22
49536.1 5893.06
49562.5 6008.89
49575.8 5983.89
49578.3 6058.89
49589.4 6106.94
49656.7 6049.72
49696.1 5920.28
49701.7 5916.39
49741.9 6018.61
49759.2 6041.11
49798.6 5835.28
49799.4 6086.11
49484.7 6097.78
49530.8 6355
49565 6163.61
49590 6316.11
49619.4 6240
49632.5 6220.83
49629.2 6267.5
49674.7 6320.56
49716.4 6490
49759.2 6239.72
49757.8 6353.33
49759.2 6387.78
49784.7 6310.83
49796.7 6155.56
49790 6388.33
49834.7 5742.78
49851.9 6134.72
49859.4 5851.11
49866.9 5773.33
49899.2 5812.78
49900.8 5858.61
49903.6 5962.22
49903.3 6135
49923.1 5878.61
49974.2 5843.89
49981.7 5906.11
50012.8 6091.39
50040.8 6017.5
50039.2 6079.72
50046.1 5878.06
50046.4 5934.17
50062.2 5955.83
50065.6 5963.89
50080.6 5921.67
50093.6 5956.67
50155.6 6053.33
50181.7 6025.28
50108.1 5923.33
49880.3 6221.94
49894.4 6163.61
49926.7 6173.61
49938.6 6156.11
