2555.56 29800.8
2300 29516.7
2166.67 29950
2533.33 28900
2716.67 29350
1694.44 29948.3
2116.67 30050
1450 30116.7
1600 30116.7
2550 28933.3
1233.61 30300.8
1383.33 30116.7
1783.33 30250
2220.28 29799.2
1633.33 29583.3
1700 29550
1583.33 29650
1856.67 29964.7
1700 29550
2541.94 29792.8
1300 30300
2650 29716.7
2750 29500
2300 29783.3
1850 30266.7
2483.33 29716.7
2620.28 29018.6
2483.33 28896.7
2666.67 29766.7
1650 30000
2533.33 29633.3
2700 29866.7
1516.67 29750
2666.67 29016.7
2433.33 29066.7
2266.67 29783.3
2483.33 29016.7
1600 30316.7
1333.33 30300
1700 29266.7
1650 29500
1750 29866.7
1616.67 29366.7
1700 29350
1600 29533.3
1850 29933.3
1633.33 29316.7
2489.72 28950.8
1766.67 30200
1650 29750
2433.33 28933.3
2483.33 29050
2350 29700
2566.67 28933.3
2433.33 29833.3
1350 30383.3
1500 29816.7
1866.67 29950
1900 29966.7
1433.33 30316.7
1977.78 29796.4
1977.78 29796.4
1766.67 29583.3
1730 30174.7
1283.33 30300
1416.67 29716.7
1850 29633.3
1716.67 29666.7
1800 29566.7
1816.67 29916.7
1466.67 30116.7
1728.61 29860.6
1566.67 29850
1716.67 29383.3
1566.67 29950
1633.33 29683.3
1566.67 29733.3
2423.61 29775.3
1633.33 29666.7
2513.33 29016.7
1883.33 30333.3
1733.33 29683.3
2316.67 29700
1970.56 29954.4
1683.33 29833.3
1566.67 29833.3
1566.67 29633.3
2388.61 29609.2
1450 29650
1616.67 29516.7
1650 29266.7
2153.33 30611.4
2583.33 29700
1400 30250
1466.67 29850
2666.67 28950
1616.67 29750
1504.17 29635.8
1483.33 29616.7
2472.5 29731.1
1600 29300
1733.33 29933.3
1933.33 30250
1750 29916.7
1650 29716.7
1483.33 29833.3
1916.67 29366.7
1666.67 30300
2016.67 29883.3
1716.67 29300
1633.33 29616.7
2283.33 30216.7
1633.33 29583.3
1516.67 29850
1400 29733.3
2655.56 29016.9
2400 28933.3
1700 30216.7
2503.89 28916.7
1883.33 29300
1866.67 29300
2333.33 29250
1483.33 30350
1942.78 30121.1
2570.56 28968.1
2316.67 29933.3
2316.67 29250
1966.67 29633.3
1783.33 29866.7
1700 29650
1550 29883.3
1533.33 29866.7
1700 29683.3
1682.5 29296.9
1566.67 29533.3
1900 29650
1883.33 29950
2450 29550
2416.67 28983.3
2366.67 29133.3
1800 29983.3
1300 30233.3
2583.33 28916.7
1476.11 29933.9
2483.33 29566.7
2366.67 30250
2666.67 28966.7
2150 29650
1616.67 29666.7
1716.67 29316.7
2650 28900
1266.67 30383.3
2283.33 29583.3
1616.67 29366.7
1600 29616.7
2500 28950
2433.33 30166.7
2316.67 29650
1483.33 29816.7
2682.78 29774.2
2682.78 29774.2
1528.61 30413.1
1450 29550
1949.44 30061.1
1566.67 30250
2358.06 29738.6
2583.33 29716.7
1783.33 30150
1833.33 30033.3
2550 29050
1600 30016.7
1416.67 30150
1600 30050
1739.72 29293.3
1950 30016.7
2400 29000
1666.67 30133.3
1116.67 30383.3
1650 30350
1400 30216.7
1516.67 30250
2546.39 28899.2
2068.06 29766.1
2734.44 29640.3
2766.67 29616.7
1433.33 30333.3
2766.67 29683.3
2633.33 29683.3
1583.33 29866.7
2516.67 28933.3
2569.44 29028.1
1633.33 30150
2216.67 29866.7
2266.67 29700
1800 30250
2766.67 29683.3
1650 30183.3
2766.67 29616.7
1350 29750
1500 30200
1800 29333.3
1533.33 30416.7
2333.33 29033.3
2358.06 29738.6
2350 29666.7
1550 30066.7
1783.33 29583.3
1600 30250
1900 29333.3
2429.44 29883.1
1766.67 29933.3
1966.67 29633.3
2083.33 30300
2083.33 30300
1783.33 30083.3
1783.33 29916.7
2483.33 29566.7
2300 29816.7
2516.67 28966.7
1866.67 30166.7
2416.67 28933.3
2783.33 29483.3
1850 30083.3
1950 29600
2585.28 29741.7
1900 29350
1550 29800
1850 30083.3
2300 30150
1800 29650
1650 29750
1716.67 30233.3
1700 29266.7
1550 29850
1566.67 30216.7
2603.33 29833.6
1171.94 30395
1966.67 30166.7
2416.67 29883.3
1916.67 29616.7
2300 30166.7
2250 29583.3
2533.33 29750
2533.33 29750
1779.44 29308.3
1733.33 30266.7
2383.33 28983.3
1733.33 30000
1800 30000
2483.33 29666.7
1633.33 30216.7
1716.67 30200
1633.33 29716.7
2600 29066.7
2266.67 29766.7
2633.33 29766.7
1371.11 30158.3
2344.72 29877.8
2433.33 29683.3
1850 29916.7
2383.33 29083.3
2383.33 29083.3
2533.33 28866.7
2283.33 29200
2539.72 28940.3
2539.72 28940.3
2383.33 29883.3
1616.67 30200
1620.83 29304.4
2316.67 29800
1733.33 29650
1633.33 29950
1666.67 29483.3
1750 30183.3
2250 30183.3
2116.67 29816.7
2450 28966.7
1650 29900
2350 29716.7
1133.33 30383.3
1703.06 30109.4
2633.33 29766.7
1583.33 29683.3
2500 29516.7
2265.83 29555.3
2045 29841.9
2045 29841.9
1383.33 29850
1833.33 29616.7
1500 29966.7
2516.67 28866.7
1900 29366.7
1500 30016.7
2566.67 28916.7
2300 29150
2350 30166.7
2500 28916.7
1550 29733.3
1983.33 30083.3
1790.83 30419.7
1733.33 29550
1864.17 29546.4
1650 29783.3
1633.33 29833.3
1550 30233.3
1400 30100
2283.33 29166.7
1866.67 29533.3
1600 29683.3
2716.67 29700
1332.78 30321.4
2466.67 28933.3
2566.67 28950
1283.33 30366.7
2700 29516.7
1533.33 30066.7
1683.33 30150
2533.33 29750
2050 30116.7
1716.67 29533.3
1883.33 30183.3
2516.67 29566.7
2350 29016.7
2433.33 29050
1683.33 29900
1526.39 30076.9
1731.67 30263.1
2250 29650
1566.67 29700
1516.67 29716.7
1566.67 29700
1516.67 30283.3
2400 29933.3
2633.33 28966.7
2466.67 28900
1800 29516.7
2500.28 29849.2
1816.67 29750
2333.33 29266.7
2102.78 29952.5
1616.67 30266.7
2366.67 29466.7
1833.33 29616.7
1583.33 29783.3
1183.33 30300
1616.67 29316.7
1616.67 29383.3
2666.67 29733.3
2350 29100
2516.67 29016.7
2266.67 30183.3
2116.67 29683.3
2300 29733.3
2000 30033.3
2383.33 29150
2650 29716.7
2750 29500
1433.33 30316.7
1750 29916.7
1550 29883.3
2483.33 29566.7
1266.67 30383.3
1416.67 30150
1666.67 30133.3
1116.67 30383.3
2734.44 29640.3
1566.67 30216.7
1171.94 30395
1866.67 30016.7
2533.33 29750
1371.11 30158.3
1400 30100
1332.78 30321.4
2500.28 29849.2
1600 29966.7
2516.67 29316.7
2800 29400
1082.22 30437.2
2450 29550
2200 30100
2641.94 29653.9
1963.89 30038.3
1703.33 29933.6
1900 30166.7
1583.33 29950
1466.67 30216.7
1533.33 30183.3
1866.67 30016.7
1583.33 30183.3
2583.33 29500
1300 30216.7
1516.67 29950
1966.67 30333.3
2666.67 29416.7
2533.33 29383.3
1450 30116.7
1700 29950
1633.33 29433.3
1600 29383.3
1900 29600
2266.67 30216.7
2366.67 30150
2233.33 29650
1850 29650
2525.83 29731.7
2216.67 29566.7
2211.39 30117.2
2100 29983.3
1433.33 29683.3
2333.33 29916.7
1833.33 30050
1600 29966.7
2283.33 29516.7
1583.33 29333.3
2266.67 29850
1550 29550
1883.33 29350
2515 29679.7
1733.33 30300
2666.67 29633.3
1883.33 29516.7
1700 29333.3
2266.67 30216.7
2733.33 29833.3
2300 29200
2300 29200
2383.33 30150
1450 30100
2054.17 29416.7
1583.33 30350
2423.61 29775.3
1866.67 29633.3
2516.67 29316.7
1616.67 29400
1933.33 30250
2800 29400
1633.33 29616.7
1082.22 30437.2
2503.89 28916.7
1264.44 30230
1264.44 30230
2683.33 29783.3
2450 29550
2200 30100
1683.33 29900
1444.44 30088.6
2466.67 29466.7
2600 29433.3
2641.94 29653.9
1750 29433.3
1883.33 29466.7
2700 29516.7
1833.33 30083.3
2400 30133.3
1733.33 30183.3
1433.33 30400
1800 29650
2733.33 29700
1750 30066.7
1476.11 29933.9
1600 29866.7
1700 30300
2669.17 29462.8
2616.67 29466.7
1896.67 30238.6
2066.67 29733.3
1633.33 30250
2533.33 28933.3
1750 30033.3
1533.33 29650
1950 29600
1716.67 29633.3
2633.33 28916.7
2311.67 29136.4
1700 29883.3
1733.33 29300
1476.11 29933.9
1750 30016.7
2316.67 29833.3
1650 29816.7
1833.33 29383.3
2233.33 29616.7
1433.33 30200
1383.33 29800
1716.67 29616.7
1566.67 29350
1666.67 29500
1550 29783.3
1550 29783.3
1716.67 29300
1450 29600
1446.67 29616.7
1450 29566.7
2200 30116.7
2200 30116.7
1766.67 29550
1633.33 29983.3
1750 30333.3
1100 30400
2250 29183.3
2616.67 29900
1566.67 30150
1100 30366.7
1816.67 29300
2735 29695
1533.33 29566.7
2075.56 30548.1
2300 29550
2283.33 29566.7
1950 30150
1569.44 29675.6
2300 29950
1963.89 30038.3
1953.61 30060.6
1953.61 30060.6
1370 29742.5
2055.56 29349.7
2168.06 30537.5
2100 30033.3
2168.06 30537.5
1383.33 30300
2366.67 29783.3
2735 29695
2483.33 29066.7
2483.33 29066.7
2633.33 29000
1966.67 29883.3
2714.17 29650
1581.94 30046.7
1933.33 30116.7
2366.67 29450
1183.33 30400
2200 30500
2266.67 30266.7
1898.61 29850
2133.33 30066.7
1703.33 29933.6
1833.33 30183.3
2216.67 29616.7
1933.33 30083.3
1833.33 29366.7
2483.33 29516.7
2350 30250
2233.33 30250
1650 29500
1766.67 30033.3
1633.33 29833.3
2613.06 29637.8
2432.5 29604.4
1900 30166.7
1733.33 29966.7
1666.67 29916.7
1796.11 30191.9
2156.67 30093.3
1633.33 29383.3
1783.33 30033.3
1971.67 30153.6
1900 29616.7
1733.33 29316.7
1283.33 30250
1694.72 29350.6
1433.33 30050
2633.33 29016.7
1616.67 30233.3
2523.06 29035.8
1583.33 29950
2016.67 30083.3
1466.67 30283.3
1466.67 30216.7
1066.67 30416.7
2433.33 29866.7
2283.33 29233.3
2266.67 30200
1383.33 30350
1400 30350
1566.67 29533.3
1416.67 29850
2416.67 28916.7
2200 29666.7
1966.67 30216.7
2566.67 28966.7
1500 30133.3
1700 29283.3
1483.33 30316.7
1700 29650
1383.33 30316.7
1750.28 29545.8
2017.22 30548.6
1533.33 30183.3
2066.67 29700
1616.67 30350
1583.33 30316.7
1583.33 29716.7
2166.67 29950
1866.67 30016.7
1866.67 30300
2333.33 29116.7
2416.67 30116.7
2450 29550
2433.33 29183.3
1483.33 29900
1733.33 29533.3
1700.83 29263.3
1750 30383.3
2716.67 29033.3
1583.33 29783.3
1516.67 29800
1783.33 29316.7
1601.39 30284.4
1866.67 29933.3
1683.33 30383.3
1896.67 30238.6
2400 29800
1750 29883.3
1616.67 29783.3
1583.33 29916.7
2316.67 29150
2066.67 29733.3
1666.67 29800
1400 30133.3
1800 29583.3
1594.72 29942.2
1400 29750
2074.44 29756.7
1600 29933.3
2583.33 28983.3
1783.33 30116.7
1698.06 29928.3
1633.33 29800
2683.33 28983.3
1783.33 29883.3
1900 30200
1583.33 30183.3
2383.33 29750
2600 29516.7
2583.33 29500
2416.67 29900
2600 29800
1700 29666.7
2600 28900
1683.33 29266.7
1850 30083.3
2468.89 29567.5
1983.33 30066.7
1466.67 29600
2466.67 29000
2450 29016.7
1750 29316.7
1483.33 29700
2466.67 28966.7
1850 29633.3
2516.67 28900
1575.56 29868.1
1300 30216.7
2166.67 29950
1200 30366.7
1416.67 30133.3
1576.67 30239.4
1576.67 30239.4
1608.61 29563.1
1654.17 29669.4
2383.33 29850
2750 29766.7
1666.67 29883.3
1516.67 29950
1433.33 29650
1650 29450
1850 30100
2600 28950
2205.83 30239.2
1716.67 30183.3
1716.67 30183.3
1333.33 30383.3
1650 29833.3
1550 29750
1716.67 29566.7
1500 29666.7
1316.67 30350
1500 30100
2550 28900
2483.33 29516.7
1916.67 30250
1850 30200
1800 30133.3
1546.67 30238.9
1633.33 29400
1450 29700
2616.67 29016.7
1700 29633.3
1683.33 29783.3
1650 29683.3
2366.67 29766.7
1966.67 30333.3
2666.67 29416.7
1649.44 29635.6
2392.78 29004.4
2366.67 29016.7
2416.67 29033.3
2533.33 29383.3
1483.33 29650
2283.33 29683.3
2400 29850
1450 30116.7
2267.78 29265.3
2283.33 29216.7
2283.33 29533.3
2383.33 29500
2400 29966.7
2533.33 28883.3
2374.72 29090.6
2550 28933.3
2628.06 29751.9
2483.33 28896.7
2316.67 29016.7
1578.61 29688.9
2555.56 29800.8
2300 29516.7
2533.33 28900
2716.67 29350
1694.44 29948.3
2116.67 30050
1600 30116.7
1233.61 30300.8
1383.33 30116.7
1783.33 30250
2220.28 29799.2
1633.33 29583.3
1700 29550
1583.33 29650
1856.67 29964.7
2541.94 29792.8
1300 30300
2300 29783.3
1850 30266.7
2483.33 29716.7
2620.28 29018.6
2666.67 29766.7
1650 30000
2533.33 29633.3
2700 29866.7
1516.67 29750
2666.67 29016.7
2433.33 29066.7
2266.67 29783.3
2483.33 29016.7
1600 30316.7
1333.33 30300
1700 29266.7
1650 29500
1750 29866.7
1616.67 29366.7
1700 29350
1600 29533.3
1850 29933.3
1633.33 29316.7
2489.72 28950.8
1766.67 30200
1650 29750
2433.33 28933.3
2483.33 29050
2350 29700
2566.67 28933.3
2433.33 29833.3
1350 30383.3
1500 29816.7
1866.67 29950
1900 29966.7
1766.67 29583.3
1730 30174.7
1283.33 30300
1416.67 29716.7
1850 29633.3
1716.67 29666.7
1800 29566.7
1816.67 29916.7
1466.67 30116.7
1728.61 29860.6
1566.67 29850
1716.67 29383.3
1566.67 29950
1633.33 29683.3
1566.67 29733.3
1633.33 29666.7
2513.33 29016.7
1883.33 30333.3
1733.33 29683.3
2316.67 29700
1683.33 29833.3
1566.67 29833.3
1566.67 29633.3
1450 29650
2388.61 29609.2
1450 29650
1616.67 29516.7
1650 29266.7
2583.33 29700
1400 30250
1466.67 29850
2666.67 28950
1616.67 29750
1483.33 29616.7
1600 29300
1733.33 29933.3
1933.33 30250
1650 29716.7
1483.33 29833.3
1916.67 29366.7
1666.67 30300
2016.67 29883.3
2016.67 29883.3
1716.67 29300
1633.33 29616.7
2283.33 30216.7
1633.33 29583.3
1516.67 29850
1400 29733.3
2655.56 29016.9
2400 28933.3
1700 30216.7
2503.89 28916.7
1883.33 29300
1866.67 29300
2333.33 29250
1483.33 30350
1942.78 30121.1
2570.56 28968.1
2316.67 29933.3
2316.67 29250
1966.67 29633.3
1783.33 29866.7
1700 29650
1533.33 29866.7
1700 29683.3
1682.5 29296.9
1566.67 29533.3
1900 29650
1883.33 29950
2416.67 28983.3
2366.67 29133.3
1800 29983.3
1300 30233.3
2583.33 28916.7
2366.67 30250
2666.67 28966.7
2150 29650
1616.67 29666.7
1716.67 29316.7
2650 28900
2283.33 29583.3
1616.67 29366.7
1600 29616.7
2500 28950
2350 29666.7
2433.33 30166.7
2316.67 29650
1483.33 29816.7
2682.78 29774.2
1528.61 30413.1
1450 29550
1949.44 30061.1
1566.67 30250
1516.67 30250
2583.33 29716.7
1833.33 30033.3
1783.33 30150
2550 29050
1600 30016.7
1600 30050
1739.72 29293.3
1950 30016.7
2400 29000
1650 30350
1400 30216.7
1516.67 30250
2546.39 28899.2
1433.33 30333.3
2633.33 29683.3
1583.33 29866.7
2516.67 28933.3
2569.44 29028.1
1633.33 30150
2216.67 29866.7
2266.67 29700
1800 30250
2766.67 29683.3
1650 30183.3
2766.67 29616.7
1350 29750
1500 30200
1800 29333.3
1533.33 30416.7
2333.33 29033.3
2350 29666.7
1550 30066.7
1783.33 29583.3
1600 30250
1900 29333.3
1766.67 29933.3
1966.67 29633.3
2083.33 30300
1783.33 30083.3
1783.33 29916.7
2300 29816.7
2516.67 28966.7
1866.67 30166.7
2416.67 28933.3
2783.33 29483.3
1950 29600
2585.28 29741.7
1900 29350
1550 29800
1850 30083.3
2300 30150
1800 29650
1650 29750
1716.67 30233.3
1700 29266.7
1550 29850
1966.67 30166.7
2416.67 29883.3
1916.67 29616.7
2300 30166.7
2250 29583.3
1779.44 29308.3
1733.33 30266.7
1733.33 30000
1800 30000
2483.33 29666.7
1633.33 30216.7
1716.67 30200
1633.33 29716.7
2600 29066.7
2266.67 29766.7
2633.33 29766.7
2344.72 29877.8
2433.33 29683.3
1850 29916.7
2383.33 29083.3
2533.33 28866.7
2283.33 29200
2539.72 28940.3
2383.33 29883.3
1616.67 30200
1620.83 29304.4
2316.67 29800
1733.33 29650
1633.33 29950
1666.67 29483.3
1750 30183.3
2250 30183.3
2116.67 29816.7
2450 28966.7
1650 29900
2350 29716.7
1133.33 30383.3
1703.06 30109.4
1583.33 29683.3
2500 29516.7
2265.83 29555.3
1383.33 29850
1833.33 29616.7
1500 29966.7
2516.67 28866.7
1900 29366.7
1500 30016.7
2383.33 28983.3
2566.67 28916.7
2300 29150
2350 30166.7
2500 28916.7
1550 29733.3
1983.33 30083.3
1790.83 30419.7
1733.33 29550
1864.17 29546.4
1650 29783.3
1633.33 29833.3
1550 30233.3
2283.33 29166.7
1866.67 29533.3
1600 29683.3
2716.67 29700
2466.67 28933.3
2566.67 28950
1283.33 30366.7
2700 29516.7
1533.33 30066.7
1683.33 30150
2050 30116.7
1716.67 29533.3
1883.33 30183.3
2516.67 29566.7
2350 29016.7
2433.33 29050
1683.33 29900
1526.39 30076.9
1731.67 30263.1
2250 29650
1566.67 29700
1516.67 29716.7
1516.67 30283.3
2400 29933.3
2633.33 28966.7
2466.67 28900
1800 29516.7
1816.67 29750
2333.33 29266.7
1616.67 30266.7
2366.67 29466.7
1833.33 29616.7
1583.33 29783.3
1183.33 30300
1616.67 29316.7
1616.67 29383.3
2666.67 29733.3
2350 29100
2516.67 29016.7
2266.67 30183.3
2116.67 29683.3
2300 29733.3
2000 30033.3
2383.33 29150
1633.33 29433.3
1600 29383.3
1900 29600
2366.67 30150
2233.33 29650
1850 29650
2525.83 29731.7
2216.67 29566.7
2211.39 30117.2
1433.33 29683.3
2333.33 29916.7
1833.33 30050
2283.33 29516.7
1583.33 29333.3
2266.67 29850
1550 29550
1883.33 29350
1733.33 30300
2666.67 29633.3
1883.33 29516.7
1700 29333.3
2266.67 30216.7
2733.33 29833.3
2300 29200
2383.33 30150
1450 30100
1583.33 30350
1866.67 29633.3
1616.67 29400
1264.44 30230
2683.33 29783.3
1683.33 29900
1444.44 30088.6
2466.67 29466.7
2600 29433.3
1750 29433.3
1883.33 29466.7
1833.33 30083.3
2400 30133.3
1733.33 30183.3
1433.33 30400
1800 29650
2733.33 29700
1750 30066.7
1600 29866.7
1700 30300
2616.67 29466.7
1633.33 30250
2533.33 28933.3
1750 30033.3
1533.33 29650
1950 29600
1716.67 29633.3
2633.33 28916.7
2311.67 29136.4
1700 29883.3
1733.33 29300
1750 30016.7
2316.67 29833.3
1650 29816.7
1833.33 29383.3
2233.33 29616.7
1433.33 30200
1383.33 29800
1716.67 29616.7
1566.67 29350
1666.67 29500
1550 29783.3
1716.67 29300
1450 29600
1450 29566.7
2200 30116.7
1766.67 29550
1633.33 29983.3
1750 30333.3
1100 30400
2616.67 29900
1566.67 30150
1100 30366.7
1816.67 29300
2735 29695
1533.33 29566.7
2300 29550
2283.33 29566.7
1950 30150
1569.44 29675.6
2300 29950
1370 29742.5
2100 30033.3
1383.33 30300
2366.67 29783.3
2483.33 29066.7
2633.33 29000
1966.67 29883.3
2714.17 29650
1581.94 30046.7
1933.33 30116.7
2366.67 29450
1183.33 30400
2200 30500
2266.67 30266.7
2133.33 30066.7
1833.33 30183.3
2216.67 29616.7
1933.33 30083.3
1833.33 29366.7
2350 30250
2233.33 30250
1650 29500
1766.67 30033.3
1633.33 29833.3
2613.06 29637.8
2432.5 29604.4
1733.33 29966.7
1666.67 29916.7
1796.11 30191.9
2156.67 30093.3
1633.33 29383.3
1783.33 30033.3
1971.67 30153.6
1900 29616.7
1733.33 29316.7
1283.33 30250
1694.72 29350.6
1433.33 30050
2633.33 29016.7
1616.67 30233.3
2523.06 29035.8
2016.67 30083.3
1466.67 30283.3
1066.67 30416.7
2433.33 29866.7
2283.33 29233.3
2266.67 30200
1383.33 30350
1400 30350
1566.67 29533.3
1416.67 29850
2416.67 28916.7
2200 29666.7
1966.67 30216.7
2566.67 28966.7
1500 30133.3
1700 29283.3
1483.33 30316.7
1700 29650
1383.33 30316.7
2066.67 29700
1616.67 30350
1583.33 30316.7
1583.33 29716.7
2166.67 29950
1866.67 30300
2333.33 29116.7
2416.67 30116.7
2433.33 29183.3
1483.33 29900
1733.33 29533.3
1700.83 29263.3
1750 30383.3
2716.67 29033.3
1583.33 29783.3
1516.67 29800
1783.33 29316.7
1601.39 30284.4
1866.67 29933.3
1683.33 30383.3
1896.67 30238.6
2400 29800
1750 29883.3
1616.67 29783.3
1583.33 29916.7
2316.67 29150
2066.67 29733.3
1666.67 29800
1400 30133.3
1800 29583.3
1594.72 29942.2
1400 29750
1600 29933.3
2583.33 28983.3
1783.33 30116.7
1698.06 29928.3
1633.33 29800
2683.33 28983.3
1783.33 29883.3
1900 30200
2383.33 29750
2600 29516.7
2416.67 29900
2600 29800
1700 29666.7
2600 28900
1683.33 29266.7
1983.33 30066.7
1466.67 29600
2466.67 29000
2450 29016.7
1750 29316.7
1483.33 29700
2466.67 28966.7
1850 29633.3
2516.67 28900
1575.56 29868.1
1200 30366.7
1416.67 30133.3
1608.61 29563.1
2383.33 29850
2750 29766.7
1666.67 29883.3
1433.33 29650
1650 29450
1850 30100
2600 28950
2205.83 30239.2
1716.67 30183.3
1333.33 30383.3
1650 29833.3
1550 29750
1716.67 29566.7
1500 29666.7
1316.67 30350
1500 30100
2550 28900
2483.33 29516.7
1916.67 30250
1850 30200
1800 30133.3
1546.67 30238.9
1633.33 29400
1450 29700
2616.67 29016.7
1700 29633.3
1683.33 29783.3
1650 29683.3
2366.67 29766.7
1649.44 29635.6
2392.78 29004.4
2366.67 29016.7
2416.67 29033.3
1483.33 29650
2283.33 29683.3
2400 29850
2267.78 29265.3
2283.33 29216.7
2283.33 29533.3
2383.33 29500
2400 29966.7
2533.33 28883.3
2550 28933.3
2628.06 29751.9
2316.67 29016.7
1578.61 29688.9
2700 29600
2466.67 29850
1416.67 30116.7
1650 29733.3
1266.67 30266.7
1416.67 29816.7
1687.22 30018.3
2683.33 29733.3
1166.67 30316.7
1466.67 30050
1883.33 29616.7
1379.17 29735.8
1400 29833.3
1483.33 29900
1700 29666.7
2333.33 29087.2
2650 28950
1866.67 30100
1583.33 29733.3
1550 29950
1666.67 29933.3
1333.33 30166.7
2600 28916.7
1633.33 29316.7
1666.67 29700
2316.67 29816.7
2583.33 29033.3
2700 29650
2450 29000
1733.33 29850
1595 29320
1683.33 30050
1733.33 30033.3
1600 29316.7
1333.33 30283.3
1450 29883.3
1716.67 30000
1583.33 29383.3
1616.67 29733.3
1900 29300
1883.33 29300
2616.67 28916.7
2333.33 29016.7
2433.33 29766.7
2583.33 29050
2433.33 28983.3
1450 30183.3
1633.33 29300
1683.33 30500
1483.33 29933.3
1750.28 30332.8
1916.67 29966.7
2433.33 29883.3
1750 29316.7
2683.33 29650
2400 29050
2433.33 29450
1483.33 29850
1750 29633.3
1683.33 29516.7
2066.67 30283.3
1633.33 29366.7
2433.33 28966.7
2483.33 28983.3
1466.67 30233.3
1450 30433.3
1683.33 29350
1933.33 30233.3
2700 29600
1700 29550
2466.67 29850
1576.11 30067.5
1416.67 30116.7
1650 29733.3
1266.67 30266.7
1700 29950
1683.33 30500
2596.67 29739.4
1416.67 29816.7
1687.22 30018.3
2683.33 29733.3
1166.67 30316.7
1466.67 30050
1883.33 29616.7
1379.17 29735.8
1400 29833.3
2597.22 29738.9
1483.33 29900
1700 29666.7
2333.33 29087.2
2650 28950
1866.67 30100
1583.33 29733.3
1550 29950
1666.67 29933.3
1333.33 30166.7
2600 28916.7
1633.33 29316.7
1666.67 29700
2316.67 29816.7
2583.33 29033.3
2700 29650
2450 29000
1733.33 29850
1595 29320
1683.33 30050
1733.33 30033.3
1600 29316.7
1333.33 30283.3
1450 29883.3
1450 29883.3
1716.67 30000
1583.33 29383.3
1616.67 29733.3
1900 29300
1883.33 29300
2616.67 28916.7
2333.33 29016.7
2433.33 29766.7
2583.33 29050
2433.33 28983.3
1450 30183.3
1633.33 29300
1683.33 30500
2016.67 29883.3
1483.33 29933.3
1750.28 30332.8
1916.67 29966.7
2433.33 29883.3
1750 29316.7
1576.11 30067.5
2683.33 29650
2400 29050
2433.33 29450
1483.33 29850
2177.78 30528.6
1750 29633.3
1683.33 29516.7
2066.67 30283.3
1633.33 29366.7
2433.33 28966.7
2483.33 28983.3
1466.67 30233.3
1450 30433.3
1683.33 29350
1933.33 30233.3
2433.33 29183.3
2597.22 29738.9
1550 29866.7
1666.67 29983.3
1813.61 29492.5
1884.44 29353.1
1700.83 29417.5
1584.72 29412.5
1574.17 29352.5
1626.67 29343.1
1542.22 29383.1
1433.89 29648.3
1397.5 29708.6
1407.5 29681.7
1405.83 29736.9
1473.33 29991.7
1485.56 29849.2
1392.22 29829.7
2541.11 28918.6
2162.78 29300.6
2769.17 29455.3
2642.22 29607.5
1393.06 30513.6
1371.67 30461.1
1896.67 30238.6
1740.28 30391.9
2202.22 30283.3
2464.44 29591.9
2383.33 28983.3
2464.72 29923.3
2580.83 29711.7
2660.56 29690.3
2669.44 29847.2
2732.22 29855.6
2751.67 29492.5
2717.78 29534.4
2687.5 29558.6
2591.67 29500.6
2517.22 29482.8
2459.17 29564.7
2461.39 29659.4
2413.33 29445.6
2336.39 29533.3
2360.28 29444.2
2328.33 29530.3
2646.94 29009.4
2616.39 28940
2533.89 28893.9
2479.44 28924.4
2437.78 28922.2
2304.72 29208.9
2343.33 29103.3
2075.83 29357.8
2195.56 29241.4
2254.72 29336.9
2185.56 29511.9
2157.5 29549.7
2046.67 29596.9
1958.89 29387.2
2268.61 29704.2
2229.44 29650
2257.5 29791.1
2222.5 29859.4
2160 29728.9
2058.89 29727.5
1997.78 29697.2
1946.39 29898.9
1894.72 29752.5
1877.78 29753.1
1840.28 29686.9
1607.5 29331.1
1598.89 29382.2
1660.28 29519.4
1697.78 29560.8
1765.56 29549.7
1811.39 29628.1
1937.5 29621.4
1590.83 29521.1
1620.83 29631.7
1572.78 29641.7
1536.94 29563.3
1645.56 29770.8
1697.5 29670.6
1529.17 29724.4
1483.33 29647.8
1440.56 29709.4
1488.33 29835.3
1488.06 29813.1
1571.11 29870.3
1546.67 30238.9
1749.17 30187.8
1669.72 30121.4
1576.11 30155.6
1504.72 30006.1
1713.06 29853.1
1711.67 29912.8
1800.28 29839.4
1764.44 29970
1781.94 30046.4
1861.67 30038.3
1855.28 30149.4
1923.61 30332.8
2021.39 30030.8
1995.56 30367.8
2148.61 30088.1
2306.39 30043.6
1798.61 30500.6
1895.28 30408.1
1952.5 30437.8
1945.56 30520.3
1961.39 30437.8
2210.56 30374.7
2128.89 30415.8
1623.06 29954.2
1371.11 30158.3
1444.44 30088.6
1682.5 29296.9
1700.83 29263.3
1864.17 29546.4
2374.72 29090.6
2148.61 30088.1
2717.78 29534.4
1171.94 30395
1964.17 30017.5
1937.22 30036.1
1925.28 30044.4
1988.61 30008.6
1995.28 30048.6
1976.94 30105.8
1995.56 30191.7
1973.89 30223.1
1951.11 30242.2
1973.89 30255
1898.06 30232.5
1913.33 30172.5
1948.06 30123.9
1936.67 30084.2
1884.72 30068.6
1923.61 30069.2
1913.61 30066.4
1874.44 30047.5
1856.67 30008.1
1864.17 30086.7
1856.11 30112.2
1830.56 30105
1850.56 30133.9
1813.33 30044.4
1801.11 30035.6
1696.39 30026.9
1797.78 30175.3
1707.78 30195.6
1698.06 30228.9
1768.89 30233.6
1782.5 30218.1
1815.56 30231.1
1798.33 30290
1739.72 30303.3
1733.33 30336.9
1767.78 30383.9
1840.56 30484.2
1816.67 30347.2
1829.72 30383.9
1838.89 30413.9
1742.22 30441.7
1884.17 30443.1
1884.44 30373.1
1923.61 30400.8
1901.11 30506.1
1950.83 30395.3
1951.11 30364.2
1959.17 30614.7
1640.83 30372.8
1641.67 30321.4
1615.28 30315
1681.11 30270.6
1613.06 30217.5
1587.22 30074.4
1603.61 30080
1649.17 30031.4
1648.61 30132.8
1550.28 30041.1
1476.39 30034.7
1480.28 30024.2
1527.22 30070.8
1482.22 30069.2
1453.61 30090
1410.56 30076.4
1438.61 30001.1
1400 30120
1443.61 30168.6
1479.44 30199.4
1394.44 30153.3
1212.5 30298.6
1285.83 30206.7
1298.33 30321.9
1336.11 30270.8
1387.5 30257.5
1394.44 30228.6
1406.67 30235.6
1320 30179.2
