30133.3 57633.3
30166.7 57100
30233.3 57583.3
30250 56850
30250 56950
30250 57583.3
30300 56966.7
30316.7 56816.7
30400 56466.7
30400 56783.3
30433.3 57433.3
30466.7 56550
30483.3 56516.7
30500 56450
30500 56666.7
30550 57866.7
30566.7 56883.3
30600 57683.3
30616.7 56900
30633.3 56166.7
30683.3 57033.3
30683.3 57516.7
30716.7 56600
30733.3 56733.3
30733.3 57316.7
30750 56750
30783.3 57783.3
30833.3 56750
30866.7 56366.7
30900 55516.7
30916.7 56300
30933.3 55483.3
30933.3 55550
30950 56650
30966.7 55550
30966.7 57533.3
31000 55683.3
31000 56250
31016.7 56566.7
31033.3 56600
31033.3 56883.3
31083.3 56016.7
31083.3 56516.7
31083.3 57016.7
31083.3 57516.7
31083.3 57600
31083.3 57833.3
31100 55666.7
31100 55983.3
31100 57016.7
31116.7 56466.7
31166.7 55750
31166.7 57000
31166.7 57083.3
31183.3 56283.3
31183.3 56933.3
31200 55750
31200 57233.3
31216.7 55666.7
31216.7 56316.7
31233.3 55633.3
31233.3 55883.3
31233.3 57116.7
31250 55333.3
31250 55950
31250 56833.3
31250 57166.7
31250 57200
31283.3 56433.3
31300 55866.7
31300 56016.7
31300 57066.7
31300 57100
31300 57133.3
31300 57150
31300 57200
31300 57700
31316.7 55200
31333.3 57800
31333.3 57833.3
31333.3 57883.3
31350 55383.3
31350 56633.3
31350 57783.3
31350 57800
31350 57983.3
31366.7 55083.3
31366.7 55666.7
31366.7 55850
31383.3 55866.7
31383.3 57966.7
31400 56366.7
31400 57783.3
31416.7 54916.7
31416.7 56683.3
31433.3 55233.3
31450 55416.7
31450 56383.3
31466.7 55166.7
31466.7 56833.3
31483.3 54833.3
31500 54716.7
31500 55166.7
31500 56033.3
31500 57116.7
31516.7 54966.7
31516.7 55766.7
31516.7 55966.7
31516.7 57533.3
31516.7 57583.3
31533.3 55583.3
31533.3 55833.3
31533.3 56050
31550 55550
31550 57950
31566.7 54550
31583.3 55466.7
31583.3 57616.7
31600 55850
31600 56750
31616.7 56816.7
31633.3 55000
31633.3 56916.7
31650 56833.3
31666.7 56166.7
31666.7 56633.3
31666.7 57916.7
31683.3 54650
31683.3 54766.7
31683.3 55433.3
31683.3 55950
31683.3 56133.3
31683.3 57683.3
31700 56100
31716.7 55333.3
31733.3 54416.7
31733.3 55983.3
31750 55016.7
31750 55466.7
31750 56066.7
31766.7 54800
31766.7 56016.7
31766.7 56250
31783.3 54333.3
31783.3 54750
31783.3 55150
31783.3 56250
31800 54716.7
31800 55333.3
31800 55700
31800 56133.3
31816.7 54666.7
31816.7 55183.3
31816.7 55216.7
31816.7 55500
31816.7 55916.7
31816.7 55966.7
31833.3 54166.7
31833.3 55766.7
31833.3 55933.3
31833.3 55983.3
31833.3 57250
31850 56000
31866.7 54200
31866.7 57283.3
31883.3 55433.3
31883.3 55966.7
31883.3 56000
31883.3 57333.3
31883.3 57483.3
31883.3 57516.7
31900 54150
31900 54783.3
31900 55133.3
31900 55466.7
31900 55883.3
31916.7 54733.3
31916.7 55933.3
31916.7 56016.7
31916.7 57250
31916.7 57716.7
31950 57883.3
31966.7 55050
31966.7 57516.7
31983.3 54166.7
31983.3 55683.3
31983.3 57416.7
32000 54133.3
32000 55483.3
32000 57166.7
32000 57300
32000 57583.3
32016.7 54200
32016.7 55066.7
32016.7 57333.3
32016.7 57466.7
32033.3 54183.3
32033.3 54566.7
32033.3 55666.7
32033.3 55783.3
32050 54633.3
32050 54866.7
32050 55383.3
32066.7 53766.7
32066.7 56350
32083.3 54250
32083.3 55650
32083.3 56866.7
32083.3 57916.7
32100 53750
32100 54866.7
32100 57416.7
32100 57816.7
32116.7 54066.7
32116.7 57566.7
32150 54200
32150 54883.3
32150 54950
32150 55050
32150 56116.7
32166.7 53750
32166.7 54116.7
32166.7 55016.7
32166.7 55950
32183.3 55033.3
32183.3 55283.3
32183.3 56066.7
32200 54066.7
32200 58000
32216.7 55600
32216.7 56016.7
32233.3 54983.3
32233.3 55733.3
32233.3 56500
32250 55750
32250 56516.7
32250 57300
32266.7 54916.7
32266.7 55900
32283.3 58050
32300 55333.3
32321.4 58075.6
32333.3 55883.3
32333.3 55966.7
32333.3 57050
32333.3 57800
32333.3 57933.3
32333.3 58133.3
32350 53833.3
32350 54133.3
32350 55833.3
32350 56550
32350 57200
32366.7 54183.3
32366.7 54766.7
32366.7 57850
32366.7 57983.3
32383.3 54350
32383.3 54666.7
32383.3 55066.7
32383.3 56683.3
32383.3 57500
32383.3 57600
32400 55350
32400 56716.7
32400 56900
32416.7 56166.7
32416.7 56333.3
32416.7 57383.3
32416.7 57583.3
32416.7 58150
32433.3 56350
32450 55033.3
32450 56033.3
32466.7 54316.7
32466.7 55233.3
32466.7 56166.7
32483.3 53516.7
32483.3 53716.7
32483.3 56350
32483.3 57750
32500 54016.7
32500 54416.7
32500 56033.3
32516.7 53483.3
32516.7 54533.3
32516.7 54583.3
32516.7 54683.3
32516.7 57750
32533.3 54566.7
32533.3 55500
32533.3 57133.3
32566.7 53416.7
32566.7 56883.3
32566.7 57366.7
32566.7 57483.3
32583.3 53383.3
32600 55583.3
32616.7 54600
32616.7 55833.3
32616.7 56483.3
32633.3 53300
32633.3 53900
32633.3 55116.7
32633.3 56350
32633.3 56750
32650 54250
32650 54450
32666.7 53616.7
32666.7 55450
32683.3 54633.3
32683.3 56883.3
32683.3 57633.3
32683.3 58133.3
32700 53966.7
32716.7 55600
32716.7 57466.7
32750 53483.3
32750 53733.3
32750 54400
32750 55650
32750 57750
32766.7 55433.3
32766.7 55633.3
32766.7 57783.3
32766.7 57883.3
32783.3 53833.3
32783.3 55900
32800 55800
32800 56416.7
32800 57050
32816.7 56516.7
32833.3 54766.7
32833.3 55483.3
32833.3 56183.3
32833.3 56433.3
32833.3 57716.7
32850 57683.3
32866.7 55916.7
32866.7 56466.7
32883.3 55416.7
32883.3 55516.7
32883.3 56800
32900 55233.3
32900 56083.3
32900 56133.3
32916.7 54966.7
32916.7 57733.3
32933.3 53950
32933.3 54266.7
32933.3 55516.7
32933.3 57116.7
32933.3 57650
32950 54216.7
32966.7 55400
32983.3 54583.3
32983.3 58050
33000 53633.3
33000 55133.3
33000 55783.3
33016.7 53700
33016.7 53950
33016.7 55050
33016.7 56483.3
33033.3 57000
33050 54066.7
33050 54150
33050 56483.3
33066.7 55850
33083.3 55966.7
33083.3 56183.3
33083.3 57433.3
33100 55133.3
33100 57633.3
33100 57733.3
33116.7 54816.7
33116.7 54833.3
33116.7 55983.3
33132.5 58295.6
33133.3 54933.3
33133.3 57150
33150 54150
33166.7 54966.7
33166.7 57583.3
33183.3 53900
33183.3 55700
33183.3 57466.7
33200 53800
33200 54750
33200 56783.3
33216.7 54383.3
33216.7 56683.3
33233.3 53850
33233.3 54383.3
33233.3 57133.3
33250 53900
33250 53916.7
33250 54016.7
33250 54333.3
33250 56016.7
33250 57333.3
33255.8 58019.2
33266.7 53783.3
33266.7 54416.7
33266.7 55100
33266.7 55116.7
33283.3 53933.3
33300 56350
33333.3 54783.3
33333.3 56466.7
33333.3 56933.3
33333.3 57950
33350 55616.7
33350 55633.3
33366.7 53666.7
33366.7 56483.3
33383.3 55083.3
33383.3 56416.7
33383.3 57550
33400 54683.3
33400 58316.7
33413.1 56500.6
33416.7 55633.3
33416.7 57066.7
33450 54533.3
33450 57733.3
33466.7 54200
33466.7 54650
33466.7 54666.7
33466.7 55116.7
33466.7 55200
33466.7 55616.7
33483.3 55150
33483.3 55566.7
33483.3 56150
33483.3 56483.3
33500 55216.7
33500 56750
33500 56866.7
33516.7 53783.3
33516.7 54916.7
33516.7 56400
33516.7 57833.3
33533.3 54433.3
33533.3 54600
33533.3 56900
33533.3 56933.3
33538.9 56888.6
33544.2 58197.2
33550 55666.7
33550 56900
33566.7 53850
33583.3 57300
33583.3 57583.3
33583.3 58083.3
33600 54316.7
33600 55333.3
33600 56350
33600 57133.3
33600 57983.3
33616.7 53716.7
33616.7 57633.3
33616.7 58283.3
33650 53800
33650 57533.3
33666.7 54200
33683.3 53450
33683.3 53550
33683.3 54650
33683.3 57566.7
33716.7 54533.3
33716.7 58083.3
33716.7 58266.7
33733.3 54750
33733.3 56333.3
33733.3 57833.3
33750 55283.3
33750 56466.7
33750 57483.3
33750 57616.7
33766.7 58350
33800 54000
33800 58250
33816.7 55550
33816.7 57550
33833.3 56300
33850 55166.7
33850 56883.3
33850 57016.7
33850 57683.3
33866.7 55550
33866.7 57000
33866.7 57516.7
33866.7 57616.7
33883.3 53500
33883.3 54716.7
33883.3 56450
33883.3 57383.3
33883.3 57400
33883.3 57666.7
33883.3 58416.7
33900 55150
33900 56833.3
33916.7 57783.3
33933.3 55266.7
33933.3 55683.3
33933.3 56250
33933.3 57466.7
33933.3 58166.7
33950 55850
33950 56750
33950 57900
33950 58233.3
33966.7 57100
33966.7 58283.3
33983.3 53983.3
33983.3 57900
33983.3 58150
33983.3 58250
33989.2 58285.6
34000 55666.7
34000 58250
34016.7 57650
34033.3 54283.3
34033.3 55650
34033.3 57833.3
34033.3 58133.3
34050 54783.3
34050 55883.3
34050 56200
34066.7 53933.3
34066.7 54500
34066.7 56300
34066.7 56383.3
34066.7 57350
34066.7 57716.7
34083.3 57383.3
34095.6 56214.2
34100 58000
34116.7 53950
34133.3 56400
34150 56950
34152.2 58012.5
34153.1 58176.7
34166.7 53833.3
34166.7 53850
34166.7 54666.7
34166.7 56683.3
34183.3 53783.3
34183.3 55733.3
34183.3 57933.3
34189.2 56339.4
34200 53933.3
34200 54750
34200 56216.7
34200 56983.3
34200 57100
34200 57783.3
34200 57866.7
34216.7 57000
34233.3 55733.3
34233.3 56866.7
34250 55933.3
34250 56683.3
34266.7 53933.3
34266.7 54316.7
34266.7 57450
34283.3 54983.3
34283.3 55233.3
34283.3 56216.7
34283.3 56916.7
34283.3 57616.7
34290.6 56388.9
34300 55966.7
34300 57233.3
34300 57733.3
34316.7 56800
34316.7 57000
34316.7 57216.7
34316.7 57350
34319.2 56805.3
34333.3 55450
34333.3 55650
34333.3 57233.3
34333.3 57716.7
34337.5 56713.6
34350 55766.7
34350 56650
34350 57300
34350 57433.3
34350 57850
34351.7 56398.3
34366.7 53766.7
34366.7 53833.3
34366.7 54066.7
34366.7 55166.7
34366.7 55516.7
34366.7 55783.3
34366.7 56400
34366.7 57050
34366.7 57066.7
34366.7 57566.7
34370 55225
34382.8 56541.7
34383.3 56283.3
34383.3 56383.3
34383.3 56766.7
34400 53783.3
34400 56333.3
34400 56533.3
34400 57166.7
34400 57333.3
34400 57666.7
34400 57883.3
34411.7 56402.2
34416.7 56466.7
34416.7 57283.3
34416.7 57733.3
34419.7 56422.5
34433.3 55983.3
34433.3 57416.7
34433.3 57716.7
34433.3 57883.3
34442.2 56443.6
34449.7 56079.2
34450 55783.3
34450 56166.7
34450 56250
34450 56283.3
34450 57600
34453.3 56390.6
34466.7 57716.7
34466.7 57850
34483.3 54333.3
34483.3 55633.3
34483.3 55650
34483.3 56850
34497.5 56037.2
34500 55583.3
34500 56383.3
34516.7 55250
34519.7 56798.9
34521.9 56393.6
34522.8 56277.8
34533.3 56300
34533.3 56316.7
34550 55883.3
34566.7 55700
34583.3 55833.3
34583.9 56699.4
34589.4 56252.8
34600 54550
34600 55483.3
34600 56133.3
34605 56356.4
34633.3 55616.7
34633.3 55966.7
34633.3 56333.3
34633.3 56619.2
34646.9 56062.8
34650 55233.3
34650 55866.7
34650 56600
34650 56716.7
34650 56750
34665 56219.4
34666.7 54166.7
34666.7 55266.7
34666.7 56000
34683.3 55683.3
34683.3 56733.3
34698.3 56217.5
34700 55900
34715.3 56073.3
34716.7 55416.7
34716.7 55533.3
34716.7 55950
34726.4 56220
34733.3 55266.7
34733.3 55716.7
34733.6 56036.7
34742.2 56098.3
34750 55333.3
34750 55683.3
34761.7 56223.6
34762.5 56020.6
34763.3 56385.3
34764.2 56213.9
34766.7 55750
34781.1 56053.3
34790.3 56350
34800 54916.7
34800 55233.3
34800 55366.7
34800 56216.7
34800 56233.3
34801.7 56334.2
34803.1 56085.8
34813.1 56044.7
34816.7 56100
34816.7 56183.3
34828.6 56139.4
34833.3 56116.7
34833.3 56216.7
34833.3 56233.3
34850 56083.3
34850 56116.7
34850 56216.7
34850 56233.3
34858.1 56170.8
34860.3 56052.2
34866.7 54866.7
34866.7 56166.7
34870.6 56133.6
34875 56258.9
34877.2 56029.7
34883.3 56150
34883.3 56183.3
34883.3 56200
34883.3 56216.7
34883.3 56233.3
34885.3 56060.6
34900 54950
34900 55283.3
34900 56100
34900 56133.3
34900 56150
34900 56183.3
34905 56168.3
34905.3 56194.4
34908.3 56208.3
34909.7 56152.2
34922.8 56159.7
34966.7 54950
